id	prim	sec
100	3	3
100	0	0
100	1	1
100	1	1
100	1	1
100	1	1
100	1	1
100	0	0
100	1	1
100	0	0
102	0	0
102	0	0
102	0	0
102	0	0
102	0	0
102	0	0
102	1	1
102	0	0
102	1	1
102	1	1
103	2.5	2.5
103	0	0
103	0	0
103	1	0
103	0	0
103	1	1
103	1	1
103	0	0
103	1	1
103	0.5	0
104	2	1.5
104	0	0
104	0	0
104	1	1
104	0	0
104	1	1
104	1	1
104	1	1
104	1	1
104	0	0
105	0	0
105	0	0
105	1	1
105	0	0
105	0	0
105	1	1
105	1	1
105	0	0
105	1	1
105	0	0
106	1	0.5
106	0	0
106	1	1
106	1	1
106	0	0
106	0	0
106	1	1
106	1	1
106	0	0
106	0	0
107	3	3
107	0	1
107	1	1
107	1	1
107	0	0
107	1	1
107	1	1
107	0	0
107	1	1
107	1	1
108	0	0
108	0	0
108	0	0
108	0	0
108	0	0
108	1	1
108	1	1
108	1	0
108	0	NA
108	1	1
109	3	3
109	1	1
109	1	1
109	1	1
109	0	0
109	1	1
109	1	1
109	1	1
109	1	1
109	0	1
110	3	3
110	0	0
110	1	1
110	1	1
110	0	0
110	1	1
110	1	1
110	0	0
110	1	1
110	0	0
111	3	3
111	0	0
111	1	1
111	1	1
111	0	0
111	1	1
111	1	1
111	0	0
111	1	1
111	1	1
112	0	0
112	0	0
112	1	1
112	0	0
112	0	0
112	1	1
112	1	1
112	0	0
112	1	1
112	1	1
113	0	0
113	0	0
113	1	1
113	0.5	0.5
113	0	0
113	1	1
113	1	1
113	0	0
113	0	0
113	1	1
114	3	3
114	1	1
114	1	1
114	1	1
114	0	0
114	1	1
114	1	1
114	1	1
114	1	1
114	1	1
115	0	0
115	0	0
115	1	1
115	0	0
115	0	0
115	1	1
115	1	1
115	0	0
115	0	0
115	0	1
116	3	3
116	1	1
116	1	1
116	1	1
116	0	0
116	1	1
116	1	1
116	0	0
116	1	1
116	0	0
117	3	3
117	0	0
117	1	1
117	0	0
117	0	0
117	1	1
117	1	1
117	0	0
117	1	1
117	0	0.5
118	3	3
118	0	0
118	0	0
118	0	0
118	0	0
118	1	1
118	1	1
118	0	0
118	0	0
118	1	1
119	0	0
119	0	0
119	0	0
119	0	0
119	0	0
119	0	0
119	0	0
119	0	0
119	1	1
119	0	0
120	0	0
120	0	0
120	0	1
120	0	0
120	1	1
120	0	1
120	1	1
120	0	0
120	1	0
120	0	0
121	3	3
121	0	0
121	0	0
121	1	1
121	1	0
121	0	0
121	1	1
121	1	1
121	1	1
121	1	1
122	0	0
122	0	0
122	1	1
122	1	1
122	0	0
122	0	0
122	1	1
122	1	1
122	1	1
122	0	0
123	0	0
123	0	0
123	1	1
123	1	1
123	0	0
123	1	1
123	1	1
123	1	1
123	1	1
123	0	1
124	3	3
124	0	0
124	1	1
124	1	1
124	1	1
124	1	1
124	1	1
124	0	0
124	1	1
124	1	1
125	3	2
125	0	0
125	1	1
125	0	0
125	0	0
125	1	1
125	1	1
125	1	1
125	1	1
125	1	1
126	3	3
126	0	0
126	0	0
126	1	1
126	0	0
126	1	1
126	1	1
126	0	0
126	1	1
126	0	0
127	0	0
127	0	0
127	0	0
127	0	0
127	0	0
127	0	0
127	1	1
127	1	1
127	1	1
127	0	0
128	0	0
128	0	0
128	0	0
128	1	1
128	0	0
128	1	1
128	1	1
128	1	1
128	0	0
128	0.5	1
129	3	3
129	0	0
129	0	0
129	1	1
129	0	0
129	1	1
129	1	1
129	0	0
129	1	1
129	1	0
130	0	0
130	0	0
130	0	0
130	1	1
130	0	0
130	1	1
130	1	1
130	0	0
130	1	1
130	0	0
131	3	3
131	1	1
131	1	1
131	1	1
131	0	0
131	1	1
131	1	1
131	0	0
131	1	1
131	1	1
132	3	3
132	1	1
132	1	1
132	0.5	0.5
132	0	0
132	1	1
132	1	1
132	0	0
132	1	1
132	0.5	0
133	1.5	2
133	0	0
133	1	1
133	0	0
133	0	0
133	1	1
133	1	1
133	1	1
133	0	0
133	0	0.5
134	2	2
134	0	0
134	1	1
134	0	0
134	0	0
134	1	1
134	1	1
134	0	0
134	0	0
134	0	0
135	0	0
135	0	0
135	0	0
135	1	1
135	0	0
135	1	1
135	1	1
135	1	1
135	1	1
135	1	1
136	0	0
136	0	0
136	1	1
136	1	1
136	0	0
136	0	0
136	1	1
136	1	1
136	0	0
136	1	1
137	0	0
137	0	0
137	1	1
137	0	0
137	0	0
137	1	1
137	1	1
137	1	1
137	1	1
137	0	0
141	3	1.5
141	0	0
141	1	1
141	1	1
141	0	0
141	1	1
141	0	0
141	0	0
141	1	1
141	0	0.5
142	3	3
142	0	0
142	1	1
142	0.5	0.5
142	0	0
142	0	0
142	1	1
142	0	0
142	1	1
142	1	1
143	0	0
143	0	0
143	1	1
143	0	0
143	0	0
143	1	1
143	1	1
143	1	1
143	0	0
143	1	0.5
144	1	3
144	0	0
144	1	1
144	1	1
144	0	0
144	1	1
144	1	1
144	0	0
144	1	1
144	1	1
145	0	0
145	0	0
145	1	1
145	1	1
145	0	0
145	1	1
145	1	1
145	0	0
145	0	0
145	0	0
146	2	2
146	0	0
146	1	1
146	0	0
146	0	0
146	1	1
146	1	1
146	1	0
146	0	0
146	1	1
147	2	2
147	1	1
147	1	1
147	1	1
147	0	0
147	1	1
147	1	1
147	0	0
147	1	1
147	0	0
148	3	3
148	0	0
148	0	0
148	1	1
148	1	1
148	1	1
148	1	1
148	1	1
148	1	1
148	1	1
149	3	3
149	0	0
149	1	1
149	1	1
149	0	0
149	1	1
149	1	1
149	0	0
149	0	0
149	1	1
150	0	0
150	0	0
150	0	0
150	0	0
150	0	0
150	0	0
150	1	1
150	0	0
150	1	1
150	1	1
151	3	3
151	0	0
151	0	0
151	1	1
151	0	0
151	1	1
151	1	1
151	0	0
151	1	1
151	0	1
152	1	1
152	0	0
152	1	1
152	0.5	0
152	0	0
152	1	1
152	1	1
152	1	0
152	1	1
152	0.5	1
153	0	0
153	0	0
153	1	1
153	0	0
153	0	0
153	0	0
153	1	1
153	1	1
153	0	0
153	1	0
154	2	3
154	0	0
154	1	1
154	1	1
154	0	0
154	1	1
154	1	1
154	0	0
154	1	1
154	0	0
155	0	0
155	1	0
155	1	1
155	1	1
155	1	1
155	1	0
155	1	1
155	0	0
155	1	1
155	1	0
156	3	3
156	0	0
156	1	1
156	0	0
156	0	0
156	1	1
156	1	1
156	0	0
156	1	1
156	1	1
157	0	0
157	0	0
157	1	1
157	0	0
157	0	0
157	1	1
157	1	1
157	0	0
157	1	0
157	0	0
158	0	0
158	1	1
158	0	0
158	1	1
158	0	0
158	1	1
158	1	1
158	0	0
158	0	0
158	0	0
159	3	3
159	0	0
159	0	0
159	0	0
159	0	0
159	0	0
159	1	1
159	0	0
159	1	1
159	0.5	0
160	3	2
160	0	0
160	1	1
160	0	0
160	0	0
160	1	1
160	0	1
160	1	0
160	1	1
160	0.5	0
161	3	3
161	0	0
161	0	0
161	0	0
161	0	0
161	1	1
161	1	1
161	1	1
161	1	1
161	1	1
162	3	3
162	1	1
162	1	0
162	0	0
162	0	0
162	1	1
162	1	1
162	1	1
162	0	0
162	1	1
163	3	3
163	0	0
163	1	1
163	1	1
163	0	0
163	1	1
163	1	1
163	1	1
163	0	0
163	1	0
164	3	3
164	1	1
164	1	1
164	0	0
164	0	0
164	1	1
164	1	1
164	0	0
164	0	0
164	1	1
165	3	3
165	1	1
165	1	1
165	0	0
165	0	0
165	1	1
165	1	1
165	1	1
165	1	1
165	1	1
166	2	3
166	0	0
166	0	0
166	0	0
166	1	1
166	1	1
166	0	0
166	1	1
166	1	1
166	1	1
167	1	3
167	0	0
167	1	1
167	1	1
167	0	0
167	1	1
167	1	1
167	1	1
167	0	0
167	1	1
168	0	0
168	0	1
168	1	1
168	1	1
168	0	0
168	0	0
168	0	1
168	0	0
168	1	1
168	0	0
169	0	0
169	0	0
169	1	1
169	1	1
169	0	0
169	0	1
169	0	0
169	0	0
169	1	1
169	0.5	1
171	3	3
171	1	1
171	0	0
171	1	1
171	0	0
171	1	1
171	1	1
171	0	0
171	0	0
171	NA	NA
172	0	0
172	0	0
172	1	1
172	0	0
172	0	0
172	1	1
172	1	1
172	0	0
172	0	0
172	1	1
173	0	0
173	0	0
173	0	0
173	0	0
173	0	0
173	0	0
173	0	0
173	1	1
173	1	1
173	0	0
174	3	3
174	0	0
174	0	0
174	1	1
174	1	1
174	1	1
174	1	1
174	1	1
174	1	1
174	1	1
175	0	0
175	1	1
175	1	1
175	1	1
175	0	0
175	1	1
175	1	1
175	1	1
175	1	1
175	1	1
176	1.5	0.5
176	0	0
176	1	1
176	1	0
176	1	0
176	1	1
176	1	1
176	0	0
176	1	1
176	0	0
177	0	0
177	1	1
177	0	0
177	0	0
177	0	0
177	1	1
177	1	1
177	0	0
177	1	1
177	0	0
		
		
		
		
		
		
		
		
		
		
		
		
		
		
		
		
		
		
		
		
		
		
		
		
		
		
		
		
		
		
		
		
		
		
		
		
		
		
		
		
		
		
		
		
		
		
		
		
		
		
		
		
		
		
		
		
		
		
		
		
		
		
		
		
		
		
		
		
		
		
		
		
		
		
		
		
		
		
		
		
		
		
		
		
		
		
		
		
		
		
		
		
		
		
		
		
		
		
		
		
		
		
		
		
		
		
		
		
		
		
		
		
		
		
		
		
		
		
		
		
		
		
		
		
		
		
		
		
		
		
		
		
		
		
		
		
		
		
		
		
		
		
		
		
		
		
		
		
		
		
		
		
		
		
		
		
		
		
		
		
		
		
		
		
		
		
		
		
		
		
		
		
		
		
		
		
		
		
		
		
		
		
		
		
		
		
		
		
		
		
		
		
		
		
		
		
		
		
		
		
		
		
		
		
		
		
		
		
		
		
		
		
		
		
		
		
		
		
		
		
		
		
		
		
		
		
		
		
		
		
		
		
		
		
		
		
		
		
		
		
		
		
		
		
		
		
		
		
		
		
		
		
		
		
		
		
		
		
		
		
		
		
		
		
		
		
		
		
		
		
		
		
		
		
		
		
		
		
		
		
		
		
		
		
		
		
		
		
		
		
		
		
		
		
		
		
		
		
		
		
		
		
		
		
		
		
		
		
		
		
		
		
		
		
		
		
		
		
		
		
		
		
		
		
		
		
		
		
		
		
		
		
		
		
		
		
		
		
		
		
		
		
		
		
		
		
		
		
		
		
		
		
		
		
		
		
		
		
		
		
		
		
		
		
		
		
		
		
		
		
		
		
		
		
		
		
		
		
		
		
		
		
		
		
		
		
		
		
		
		
		
		
		
		
		
		
		
		
		
		
		
		
		
		
		
		
		
		
		
		
		
		
		
		
		
		
		
		
		
		
		
		
		
		
		
		
		
		
		
		
		
		
		
		
		
		
		
		
		
		
		
		
		
		
		
		
		
		
		
		
		
		
		
		
		
		
		
		
		
		
		
		
		
		
		
		
		
		
		
		
		
		
		
		
		
		
		
		
		
		
		
		
		
		
		
		
		
		
		
		
		
		
		
		
		
		
		
		
		
		
		
		
		
		
		
		
		
		
		
		
		
		
		
		
		
		
		
		
		
		
		
		
		
		
		
		
		
		
		
		
		
		
		
		
		
		
		
		
		
		
		
		
		
		
		
		
		
		
		
		
		
		
		
		
		
		
		
		
		
		
		
		
		
		
		
		
		
		
		
		
		
		
		
		
		
		
		
		
		
		
		
		
		
		
		
		
		
		
		
		
		
		
		
		
		
		
		
		
		
		
		
		
		
		
		
		
		
		
		
		
		
		
		
		
		
		
		
		
		
		
		
		
		
		
		
		
		
		
		
		
		
		
		
		
		
		
		
		
		
		
		
		
		
		
		
		
		
		
		
		
		
		
		
		
		
		
		
		
		
		
		
		
		
		
		
		
		
		
		
		
		
		
		
		
		
		
		
		
		
		
		
		
		
		
		
		
		
		
		
		
		
		
		
		
		
		
		
		
		
		
		
		
		
		
		
		
		
		
		
		
		
		
		
		
		
		
		
		
		
		
		
		
		
		
		
		
		
		
		
		